62780852
88700958
105393599
122086240
125818828
146244057
149976645
166669286
170401874
174134462
177867050
190827103
194559691
198292279
202024867
222450096
226182684
229915272
241113036
242875325
246607913
250340501
254073089
257805677
261538265
265270853
270765730
274498318
278230906
281963494
285696082
289428670
293161258
306121311
309853899
313586487
317319075
321051663
324784251
330279128
334011716
337744304
341476892
345209480
348942068
352674656
356407244
358169533
369367297
373099885
376832473
380565061
384297649
391762825
397257702
400990290
404722878
408455466
412188054
425148107
428880695
432613283
436345871
440078459
443811047
447543635
451276223
453038512
456771100
458741399
460503688
464236276
467968864
471701452
475434040
479166628
480928917
482899216
484661505
486631804
488394093
490364392
492126681
495859269
497621558
497829568
499591857
501562156
503324445
505086734
507057033
508819322
512551910
514522209
516284498
518254797
520017086
521987385
523749674
527482262
529244551
531214850
534947438
538680026
542412614
544174903
546145202
547907491
549877790
551640079
553610378
555372667
557342966
559105255
562837843
564808142
566570431
568540730
570303019
572065308
574035607
575797896
577768195
579530484
581500783
583263072
585233371
586995660
588965959
590728248
592698547
594460836
596223125
596431135
598193424
601926012
605658600
609391188
611153477
613123776
614886065
616856364
618618653
620588952
622351241
628054128
629816417
633549005
637281593
639043882
641014181
644746769
646509058
648479357
650241646
652211945
653974234
655944533
657706822
659677121
661439410
663409709
665171998
666934287
668904586
672637174
674399463
676369762
678132051
681864639
683834938
685597227
687567526
689329815
693062403
696794991
698765290
700527579
704260167
706022456
707992755
709755044
711725343
713487632
715457931
717220220
720952808
724685396
728417984
730388283
732150572
733912861
735883160
737645449
739615748
745110625
747080924
748843213
750813512
752575801
754546100
756308389
758070678
760040977
762011276
763773565
767506153
771238741
774971329
776733618
778703917
782436505
784198794
786169093
787931382
791663970
793426259
793634269
795396558
797158847
797366857
799129146
800891435
801099445
802861734
804624023
806594322
808356611
810326910
814059498
815821787
819554375
821524674
823286963
825049252
825257262
827019551
828781840
828989850
830752139
832722438
836247016
838217315
841949903
843712192
845682491
847444780
849415079
851177368
852939657
854909956
858642544
862375132
864345431
866107720
867870009
869840308
871602597
873572896
875335185
877305484
879067773
881038072
882800361
884770660
886532949
888503248
890265537
893998125
897730713
901463301
905195889
908928477
910690766
912661065
914423354
916393653
918155942
921888530
923650819
923858829
925621118
929353706
931324005
933086294
935056593
936818882
938581171
940551470
942313759
944284058
946046347
948016646
953511523
955481822
957244111
959214410
989446771

Benchmark Results
N=1000000000, K=20, Iterations=1

Iteration 1:


Running with chunk size: 512 (Iteration 1)

real 1619.52
user 2490.09
sys 593.91

Chunk size: 512, Cores used: 1.90

---------------------------------


